1.000000000000000000e+00,7.518796992481202590e-01,8.296296296296296058e-01,7.067669172932330435e-01,7.669172932330826642e-01,7.812500000000000000e-01,7.812500000000000000e-01,7.460317460317460458e-01,7.761194029850746468e-01,6.818181818181817677e-01,6.412213740458014843e-01,7.407407407407406996e-01,7.022900763358778109e-01,7.518796992481202590e-01,7.014925373134328623e-01,7.812500000000000000e-01,7.272727272727272929e-01,6.718750000000000000e-01,7.812500000000000000e-01,7.761194029850746468e-01,7.014925373134328623e-01,7.812500000000000000e-01,7.407407407407406996e-01,6.875000000000000000e-01,7.633587786259542485e-01,9.473684210526315264e-01,7.022900763358778109e-01,6.356589147286821895e-01,7.633587786259542485e-01,6.969696969696970168e-01,7.343750000000000000e-01,6.406250000000000000e-01,7.142857142857143016e-01,7.812500000000000000e-01,6.875000000000000000e-01,7.131782945736434565e-01,6.153846153846154188e-01,7.014925373134328623e-01,6.875000000000000000e-01,6.969696969696970168e-01,6.031746031746031411e-01,6.363636363636363535e-01,6.718750000000000000e-01,7.121212121212121549e-01,7.518796992481202590e-01,6.875000000000000000e-01,7.142857142857143016e-01,7.812500000000000000e-01,6.515151515151514916e-01,6.412213740458014843e-01,6.412213740458014843e-01,6.875000000000000000e-01,7.272727272727272929e-01,7.301587301587301182e-01,6.190476190476190688e-01,6.417910447761193682e-01,7.812500000000000000e-01,7.022900763358778109e-01,7.301587301587301182e-01,7.121212121212121549e-01,5.736434108527131981e-01,6.717557251908397031e-01,6.363636363636363535e-01,6.268656716417910779e-01,6.865671641791044610e-01,6.718750000000000000e-01,6.718750000000000000e-01,6.875000000000000000e-01,7.301587301587301182e-01,6.190476190476190688e-01,7.286821705426356210e-01,6.031746031746031411e-01,7.812500000000000000e-01,6.769230769230769607e-01,7.131782945736434565e-01,6.717557251908397031e-01,7.022900763358778109e-01,7.500000000000000000e-01,6.666666666666666297e-01,6.562500000000000000e-01,6.567164179104477695e-01,6.190476190476190688e-01,7.286821705426356210e-01,6.511627906976744651e-01,6.349206349206348854e-01,7.500000000000000000e-01,6.666666666666666297e-01,6.562500000000000000e-01,6.349206349206348854e-01,7.301587301587301182e-01,6.201550387596899139e-01,6.349206349206348854e-01,7.022900763358778109e-01,6.511627906976744651e-01,5.909090909090909394e-01,6.821705426356589053e-01,5.909090909090909394e-01,5.736434108527131981e-01,6.190476190476190688e-01,6.341463414634146423e-01,5.781250000000000000e-01,6.349206349206348854e-01,6.349206349206348854e-01,6.507936507936508130e-01,6.356589147286821895e-01,6.363636363636363535e-01,6.470588235294117974e-01,7.187500000000000000e-01,5.873015873015873245e-01,6.349206349206348854e-01,5.873015873015873245e-01,6.969696969696970168e-01,6.511627906976744651e-01,6.666666666666666297e-01,6.417910447761193682e-01,6.363636363636363535e-01,7.301587301587301182e-01,7.812500000000000000e-01,6.363636363636363535e-01,6.031746031746031411e-01,6.046511627906976383e-01,7.131782945736434565e-01,6.511627906976744651e-01,5.736434108527131981e-01,5.873015873015873245e-01,6.511627906976744651e-01,6.031746031746031411e-01,5.873015873015873245e-01,6.716417910447761708e-01,6.093750000000000000e-01,5.714285714285713969e-01,6.363636363636363535e-01,6.201550387596899139e-01,5.873015873015873245e-01,6.825396825396825573e-01,6.031746031746031411e-01,5.736434108527131981e-01,6.507936507936508130e-01,5.736434108527131981e-01,6.031746031746031411e-01,6.911764705882352811e-01,6.031746031746031411e-01,6.093750000000000000e-01,5.496183206106870500e-01,6.277372262773722733e-01
7.518796992481202590e-01,1.000000000000000000e+00,7.575757575757575690e-01,7.538461538461538325e-01,7.846153846153846034e-01,8.000000000000000444e-01,8.000000000000000444e-01,7.804878048780488076e-01,7.633587786259542485e-01,7.131782945736434565e-01,6.562500000000000000e-01,8.484848484848485084e-01,7.343750000000000000e-01,7.692307692307692735e-01,7.175572519083969203e-01,8.000000000000000444e-01,7.286821705426356210e-01,6.879999999999999449e-01,8.000000000000000444e-01,7.633587786259542485e-01,7.328244274809160297e-01,8.000000000000000444e-01,7.575757575757575690e-01,7.039999999999999591e-01,7.812500000000000000e-01,7.692307692307692735e-01,7.187500000000000000e-01,6.666666666666666297e-01,7.812500000000000000e-01,7.286821705426356210e-01,7.520000000000000018e-01,6.560000000000000275e-01,7.479674796747967092e-01,8.000000000000000444e-01,7.039999999999999591e-01,7.460317460317460458e-01,6.141732283464567121e-01,7.175572519083969203e-01,7.039999999999999591e-01,7.286821705426356210e-01,5.691056910569105565e-01,6.666666666666666297e-01,6.879999999999999449e-01,7.441860465116278966e-01,7.692307692307692735e-01,7.039999999999999591e-01,7.479674796747967092e-01,8.000000000000000444e-01,6.821705426356589053e-01,6.562500000000000000e-01,6.718750000000000000e-01,7.039999999999999591e-01,7.286821705426356210e-01,7.642276422764228139e-01,6.504065040650406360e-01,6.564885496183205937e-01,8.000000000000000444e-01,7.343750000000000000e-01,7.642276422764228139e-01,7.441860465116278966e-01,5.396825396825396526e-01,7.187500000000000000e-01,6.666666666666666297e-01,6.412213740458014843e-01,7.022900763358778109e-01,6.879999999999999449e-01,6.879999999999999449e-01,7.039999999999999591e-01,7.642276422764228139e-01,6.504065040650406360e-01,7.619047619047618625e-01,5.691056910569105565e-01,8.000000000000000444e-01,6.929133858267716439e-01,7.460317460317460458e-01,7.187500000000000000e-01,7.343750000000000000e-01,7.680000000000000160e-01,6.507936507936508130e-01,6.239999999999999991e-01,6.717557251908397031e-01,6.504065040650406360e-01,7.619047619047618625e-01,6.825396825396825573e-01,6.178861788617886486e-01,7.680000000000000160e-01,6.991869918699187281e-01,6.239999999999999991e-01,6.666666666666666297e-01,7.642276422764228139e-01,6.507936507936508130e-01,6.666666666666666297e-01,7.343750000000000000e-01,6.825396825396825573e-01,6.201550387596899139e-01,7.142857142857143016e-01,6.201550387596899139e-01,5.396825396825396526e-01,6.504065040650406360e-01,6.500000000000000222e-01,5.600000000000000533e-01,6.666666666666666297e-01,6.666666666666666297e-01,6.178861788617886486e-01,6.349206349206348854e-01,6.666666666666666297e-01,6.466165413533834228e-01,7.359999999999999876e-01,5.528455284552845628e-01,6.666666666666666297e-01,5.528455284552845628e-01,7.286821705426356210e-01,6.984126984126983739e-01,6.341463414634146423e-01,6.564885496183205937e-01,6.666666666666666297e-01,7.642276422764228139e-01,8.000000000000000444e-01,6.666666666666666297e-01,5.691056910569105565e-01,6.349206349206348854e-01,7.460317460317460458e-01,6.825396825396825573e-01,5.396825396825396526e-01,5.528455284552845628e-01,6.825396825396825573e-01,5.691056910569105565e-01,5.528455284552845628e-01,6.564885496183205937e-01,6.079999999999999849e-01,5.691056910569105565e-01,6.666666666666666297e-01,6.666666666666666297e-01,5.528455284552845628e-01,7.154471544715447218e-01,5.691056910569105565e-01,5.396825396825396526e-01,6.178861788617886486e-01,5.396825396825396526e-01,5.691056910569105565e-01,6.917293233082706383e-01,5.691056910569105565e-01,6.560000000000000275e-01,5.312500000000000000e-01,6.417910447761193682e-01
8.296296296296296058e-01,7.575757575757575690e-01,1.000000000000000000e+00,7.121212121212121549e-01,7.727272727272727071e-01,8.031496062992126150e-01,7.874015748031496509e-01,7.520000000000000018e-01,8.120300751879698797e-01,7.022900763358778109e-01,6.615384615384615197e-01,7.611940298507462455e-01,7.076923076923077316e-01,7.727272727272727071e-01,7.518796992481202590e-01,7.874015748031496509e-01,7.328244274809160297e-01,6.771653543307086798e-01,8.031496062992126150e-01,8.120300751879698797e-01,7.218045112781954487e-01,8.031496062992126150e-01,7.462686567164179552e-01,6.929133858267716439e-01,7.846153846153846034e-01,8.484848484848485084e-01,7.230769230769230616e-01,6.562500000000000000e-01,7.846153846153846034e-01,7.175572519083969203e-01,7.559055118110236116e-01,6.614173228346457156e-01,7.199999999999999734e-01,7.874015748031496509e-01,6.929133858267716439e-01,7.187500000000000000e-01,6.666666666666666297e-01,7.518796992481202590e-01,6.929133858267716439e-01,7.175572519083969203e-01,6.079999999999999849e-01,6.564885496183205937e-01,6.929133858267716439e-01,7.175572519083969203e-01,7.727272727272727071e-01,7.086614173228346081e-01,7.199999999999999734e-01,8.031496062992126150e-01,6.717557251908397031e-01,6.615384615384615197e-01,6.615384615384615197e-01,7.086614173228346081e-01,7.480916030534351391e-01,7.359999999999999876e-01,6.720000000000000417e-01,6.616541353383458279e-01,8.031496062992126150e-01,7.230769230769230616e-01,7.359999999999999876e-01,7.328244274809160297e-01,5.781250000000000000e-01,6.923076923076922906e-01,6.564885496183205937e-01,6.466165413533834228e-01,7.067669172932330435e-01,6.929133858267716439e-01,6.929133858267716439e-01,6.929133858267716439e-01,7.359999999999999876e-01,6.720000000000000417e-01,7.343750000000000000e-01,6.239999999999999991e-01,8.031496062992126150e-01,6.976744186046511809e-01,7.343750000000000000e-01,6.923076923076922906e-01,7.230769230769230616e-01,7.716535433070865757e-01,6.718750000000000000e-01,6.456692913385826404e-01,6.766917293233082331e-01,6.720000000000000417e-01,7.343750000000000000e-01,6.718750000000000000e-01,6.560000000000000275e-01,7.559055118110236116e-01,6.720000000000000417e-01,6.614173228346457156e-01,6.400000000000000133e-01,7.359999999999999876e-01,6.406250000000000000e-01,6.400000000000000133e-01,7.230769230769230616e-01,6.562500000000000000e-01,6.259541984732824860e-01,6.875000000000000000e-01,6.259541984732824860e-01,5.625000000000000000e-01,6.400000000000000133e-01,6.393442622950820109e-01,6.299212598425196763e-01,6.400000000000000133e-01,6.560000000000000275e-01,6.400000000000000133e-01,6.718750000000000000e-01,6.564885496183205937e-01,6.962962962962963021e-01,7.401574803149606474e-01,6.079999999999999849e-01,6.560000000000000275e-01,5.759999999999999565e-01,7.175572519083969203e-01,6.718750000000000000e-01,6.560000000000000275e-01,6.616541353383458279e-01,6.564885496183205937e-01,7.520000000000000018e-01,7.874015748031496509e-01,6.564885496183205937e-01,6.079999999999999849e-01,6.406250000000000000e-01,7.343750000000000000e-01,6.562500000000000000e-01,5.781250000000000000e-01,5.759999999999999565e-01,6.718750000000000000e-01,6.079999999999999849e-01,6.079999999999999849e-01,7.067669172932330435e-01,6.456692913385826404e-01,5.759999999999999565e-01,6.564885496183205937e-01,6.406250000000000000e-01,5.759999999999999565e-01,6.879999999999999449e-01,6.079999999999999849e-01,5.781250000000000000e-01,6.400000000000000133e-01,5.937500000000000000e-01,6.239999999999999991e-01,7.407407407407406996e-01,6.239999999999999991e-01,6.299212598425196763e-01,5.999999999999999778e-01,6.470588235294117974e-01
7.067669172932330435e-01,7.538461538461538325e-01,7.121212121212121549e-01,1.000000000000000000e+00,7.692307692307692735e-01,7.520000000000000018e-01,7.520000000000000018e-01,7.804878048780488076e-01,7.175572519083969203e-01,7.131782945736434565e-01,6.718750000000000000e-01,7.272727272727272929e-01,7.031250000000000000e-01,7.230769230769230616e-01,6.870229007633588125e-01,7.520000000000000018e-01,6.976744186046511809e-01,6.720000000000000417e-01,7.520000000000000018e-01,7.175572519083969203e-01,7.022900763358778109e-01,7.520000000000000018e-01,7.121212121212121549e-01,6.720000000000000417e-01,7.343750000000000000e-01,7.230769230769230616e-01,6.875000000000000000e-01,6.507936507936508130e-01,7.343750000000000000e-01,6.976744186046511809e-01,7.520000000000000018e-01,6.400000000000000133e-01,7.317073170731707155e-01,7.520000000000000018e-01,6.720000000000000417e-01,7.142857142857143016e-01,6.141732283464567121e-01,6.870229007633588125e-01,6.720000000000000417e-01,6.976744186046511809e-01,5.691056910569105565e-01,6.666666666666666297e-01,6.720000000000000417e-01,7.131782945736434565e-01,7.230769230769230616e-01,6.720000000000000417e-01,7.479674796747967092e-01,7.520000000000000018e-01,6.821705426356589053e-01,6.718750000000000000e-01,6.718750000000000000e-01,6.720000000000000417e-01,6.976744186046511809e-01,7.317073170731707155e-01,6.504065040650406360e-01,6.412213740458014843e-01,7.520000000000000018e-01,7.031250000000000000e-01,7.317073170731707155e-01,7.131782945736434565e-01,5.396825396825396526e-01,6.875000000000000000e-01,6.666666666666666297e-01,6.259541984732824860e-01,6.870229007633588125e-01,6.720000000000000417e-01,6.720000000000000417e-01,6.720000000000000417e-01,7.317073170731707155e-01,6.504065040650406360e-01,7.301587301587301182e-01,5.691056910569105565e-01,7.520000000000000018e-01,6.771653543307086798e-01,7.142857142857143016e-01,6.875000000000000000e-01,7.031250000000000000e-01,7.520000000000000018e-01,6.507936507936508130e-01,6.239999999999999991e-01,6.564885496183205937e-01,6.504065040650406360e-01,7.301587301587301182e-01,6.825396825396825573e-01,6.178861788617886486e-01,7.520000000000000018e-01,6.991869918699187281e-01,6.239999999999999991e-01,6.666666666666666297e-01,7.317073170731707155e-01,6.349206349206348854e-01,6.829268292682927344e-01,7.031250000000000000e-01,6.825396825396825573e-01,6.201550387596899139e-01,7.142857142857143016e-01,6.201550387596899139e-01,5.396825396825396526e-01,6.341463414634146423e-01,6.666666666666666297e-01,5.600000000000000533e-01,6.829268292682927344e-01,6.666666666666666297e-01,6.178861788617886486e-01,6.349206349206348854e-01,6.666666666666666297e-01,6.315789473684210176e-01,7.199999999999999734e-01,5.528455284552845628e-01,6.666666666666666297e-01,5.528455284552845628e-01,6.976744186046511809e-01,6.825396825396825573e-01,6.341463414634146423e-01,6.412213740458014843e-01,6.666666666666666297e-01,7.317073170731707155e-01,7.520000000000000018e-01,6.666666666666666297e-01,5.691056910569105565e-01,6.349206349206348854e-01,7.142857142857143016e-01,6.825396825396825573e-01,5.396825396825396526e-01,5.528455284552845628e-01,6.825396825396825573e-01,5.691056910569105565e-01,5.528455284552845628e-01,6.412213740458014843e-01,6.239999999999999991e-01,5.528455284552845628e-01,6.666666666666666297e-01,6.507936507936508130e-01,5.528455284552845628e-01,7.154471544715447218e-01,5.691056910569105565e-01,5.396825396825396526e-01,6.178861788617886486e-01,5.396825396825396526e-01,5.691056910569105565e-01,6.616541353383458279e-01,5.691056910569105565e-01,6.560000000000000275e-01,5.312500000000000000e-01,6.268656716417910779e-01
7.669172932330826642e-01,7.846153846153846034e-01,7.727272727272727071e-01,7.692307692307692735e-01,1.000000000000000000e+00,8.000000000000000444e-01,8.000000000000000444e-01,7.642276422764228139e-01,7.786259541984732468e-01,7.131782945736434565e-01,6.562500000000000000e-01,7.575757575757575690e-01,7.343750000000000000e-01,7.692307692307692735e-01,7.175572519083969203e-01,8.000000000000000444e-01,7.286821705426356210e-01,6.879999999999999449e-01,8.000000000000000444e-01,7.786259541984732468e-01,7.328244274809160297e-01,8.000000000000000444e-01,7.575757575757575690e-01,7.039999999999999591e-01,7.812500000000000000e-01,7.846153846153846034e-01,7.187500000000000000e-01,6.507936507936508130e-01,7.812500000000000000e-01,7.286821705426356210e-01,7.520000000000000018e-01,6.560000000000000275e-01,7.479674796747967092e-01,8.000000000000000444e-01,7.039999999999999591e-01,7.460317460317460458e-01,6.141732283464567121e-01,7.328244274809160297e-01,7.039999999999999591e-01,7.286821705426356210e-01,5.691056910569105565e-01,6.666666666666666297e-01,6.879999999999999449e-01,7.441860465116278966e-01,7.692307692307692735e-01,7.039999999999999591e-01,7.317073170731707155e-01,8.000000000000000444e-01,6.821705426356589053e-01,6.562500000000000000e-01,6.718750000000000000e-01,7.039999999999999591e-01,7.441860465116278966e-01,7.642276422764228139e-01,6.504065040650406360e-01,6.564885496183205937e-01,8.000000000000000444e-01,7.343750000000000000e-01,7.642276422764228139e-01,7.441860465116278966e-01,5.396825396825396526e-01,6.875000000000000000e-01,6.666666666666666297e-01,6.412213740458014843e-01,7.022900763358778109e-01,6.879999999999999449e-01,6.879999999999999449e-01,7.039999999999999591e-01,7.642276422764228139e-01,6.504065040650406360e-01,7.619047619047618625e-01,5.853658536585365502e-01,8.000000000000000444e-01,6.929133858267716439e-01,7.301587301587301182e-01,6.875000000000000000e-01,7.343750000000000000e-01,7.680000000000000160e-01,6.507936507936508130e-01,6.239999999999999991e-01,6.717557251908397031e-01,6.504065040650406360e-01,7.619047619047618625e-01,6.666666666666666297e-01,6.178861788617886486e-01,7.680000000000000160e-01,6.991869918699187281e-01,6.239999999999999991e-01,6.666666666666666297e-01,7.642276422764228139e-01,6.349206349206348854e-01,6.666666666666666297e-01,7.343750000000000000e-01,6.666666666666666297e-01,6.201550387596899139e-01,7.142857142857143016e-01,6.201550387596899139e-01,5.396825396825396526e-01,6.341463414634146423e-01,6.500000000000000222e-01,5.600000000000000533e-01,6.666666666666666297e-01,6.666666666666666297e-01,6.178861788617886486e-01,6.349206349206348854e-01,6.666666666666666297e-01,6.616541353383458279e-01,7.359999999999999876e-01,5.528455284552845628e-01,6.666666666666666297e-01,5.528455284552845628e-01,7.286821705426356210e-01,6.666666666666666297e-01,6.341463414634146423e-01,6.564885496183205937e-01,6.666666666666666297e-01,7.642276422764228139e-01,8.000000000000000444e-01,6.666666666666666297e-01,5.691056910569105565e-01,6.349206349206348854e-01,7.460317460317460458e-01,6.825396825396825573e-01,5.396825396825396526e-01,5.528455284552845628e-01,6.825396825396825573e-01,5.691056910569105565e-01,5.528455284552845628e-01,6.717557251908397031e-01,6.079999999999999849e-01,5.528455284552845628e-01,6.511627906976744651e-01,6.349206349206348854e-01,5.528455284552845628e-01,7.154471544715447218e-01,5.691056910569105565e-01,5.396825396825396526e-01,6.178861788617886486e-01,5.555555555555555802e-01,5.853658536585365502e-01,6.917293233082706383e-01,5.853658536585365502e-01,6.239999999999999991e-01,5.468750000000000000e-01,6.417910447761193682e-01
7.812500000000000000e-01,8.000000000000000444e-01,8.031496062992126150e-01,7.520000000000000018e-01,8.000000000000000444e-01,1.000000000000000000e+00,8.333333333333333703e-01,7.966101694915254106e-01,8.571428571428570953e-01,7.419354838709677491e-01,6.991869918699187281e-01,8.188976377952755792e-01,7.479674796747967092e-01,8.159999999999999476e-01,7.460317460317460458e-01,8.333333333333333703e-01,7.419354838709677491e-01,7.166666666666666741e-01,9.000000000000000222e-01,8.571428571428570953e-01,7.619047619047618625e-01,9.000000000000000222e-01,7.874015748031496509e-01,7.333333333333332815e-01,8.292682926829267887e-01,8.000000000000000444e-01,7.642276422764228139e-01,6.942148760330578705e-01,8.780487804878048808e-01,7.580645161290322509e-01,8.166666666666666519e-01,7.166666666666666741e-01,7.627118644067796271e-01,8.333333333333333703e-01,7.333333333333332815e-01,7.603305785123967153e-01,6.885245901639344135e-01,7.460317460317460458e-01,7.333333333333332815e-01,7.580645161290322509e-01,5.932203389830508211e-01,6.935483870967742437e-01,7.500000000000000000e-01,7.580645161290322509e-01,8.159999999999999476e-01,7.666666666666667185e-01,7.627118644067796271e-01,9.000000000000000222e-01,7.096774193548387455e-01,6.991869918699187281e-01,7.154471544715447218e-01,7.666666666666667185e-01,7.419354838709677491e-01,7.796610169491525744e-01,6.779661016949152241e-01,7.301587301587301182e-01,9.000000000000000222e-01,7.642276422764228139e-01,7.796610169491525744e-01,7.741935483870967527e-01,5.785123966942148366e-01,7.317073170731707155e-01,6.935483870967742437e-01,6.825396825396825573e-01,8.095238095238095344e-01,7.833333333333333259e-01,7.500000000000000000e-01,7.333333333333332815e-01,7.796610169491525744e-01,6.779661016949152241e-01,7.768595041322313710e-01,5.932203389830508211e-01,9.000000000000000222e-01,8.032786885245901676e-01,7.768595041322313710e-01,7.804878048780488076e-01,7.642276422764228139e-01,8.666666666666666963e-01,6.942148760330578705e-01,6.666666666666666297e-01,7.142857142857143016e-01,6.779661016949152241e-01,7.768595041322313710e-01,7.107438016528925262e-01,6.440677966101694407e-01,8.000000000000000444e-01,7.118644067796610075e-01,6.833333333333333481e-01,6.779661016949152241e-01,7.796610169491525744e-01,6.776859504132231038e-01,6.779661016949152241e-01,7.804878048780488076e-01,6.942148760330578705e-01,6.451612903225806273e-01,7.272727272727272929e-01,6.451612903225806273e-01,5.619834710743801809e-01,6.779661016949152241e-01,6.782608695652173614e-01,5.999999999999999778e-01,6.779661016949152241e-01,6.779661016949152241e-01,6.440677966101694407e-01,6.776859504132231038e-01,7.096774193548387455e-01,7.187500000000000000e-01,8.333333333333333703e-01,5.932203389830508211e-01,6.779661016949152241e-01,5.762711864406779849e-01,7.580645161290322509e-01,7.107438016528925262e-01,6.610169491525423879e-01,7.142857142857143016e-01,7.096774193548387455e-01,8.135593220338983578e-01,8.333333333333333703e-01,6.935483870967742437e-01,5.932203389830508211e-01,6.611570247933884481e-01,7.768595041322313710e-01,6.942148760330578705e-01,5.785123966942148366e-01,5.762711864406779849e-01,7.107438016528925262e-01,5.932203389830508211e-01,5.932203389830508211e-01,7.142857142857143016e-01,6.500000000000000222e-01,5.762711864406779849e-01,6.935483870967742437e-01,6.776859504132231038e-01,5.762711864406779849e-01,7.288135593220338437e-01,5.932203389830508211e-01,5.785123966942148366e-01,6.440677966101694407e-01,5.785123966942148366e-01,5.932203389830508211e-01,7.343750000000000000e-01,5.932203389830508211e-01,6.666666666666666297e-01,5.853658536585365502e-01,7.131782945736434565e-01
7.812500000000000000e-01,8.000000000000000444e-01,7.874015748031496509e-01,7.520000000000000018e-01,8.000000000000000444e-01,8.333333333333333703e-01,1.000000000000000000e+00,7.966101694915254106e-01,7.936507936507936067e-01,7.258064516129032473e-01,6.829268292682927344e-01,7.874015748031496509e-01,7.479674796747967092e-01,8.639999999999999902e-01,7.301587301587301182e-01,9.000000000000000222e-01,7.419354838709677491e-01,7.166666666666666741e-01,8.333333333333333703e-01,7.936507936507936067e-01,7.619047619047618625e-01,8.333333333333333703e-01,7.874015748031496509e-01,7.333333333333332815e-01,8.130081300813007950e-01,8.000000000000000444e-01,7.479674796747967092e-01,6.776859504132231038e-01,8.292682926829267887e-01,7.419354838709677491e-01,7.833333333333333259e-01,6.833333333333333481e-01,7.627118644067796271e-01,8.333333333333333703e-01,7.333333333333332815e-01,7.603305785123967153e-01,6.393442622950820109e-01,7.301587301587301182e-01,7.666666666666667185e-01,7.419354838709677491e-01,5.932203389830508211e-01,6.774193548387096309e-01,7.166666666666666741e-01,7.580645161290322509e-01,8.000000000000000444e-01,7.333333333333332815e-01,7.627118644067796271e-01,9.000000000000000222e-01,6.935483870967742437e-01,6.829268292682927344e-01,6.829268292682927344e-01,7.333333333333332815e-01,7.419354838709677491e-01,7.796610169491525744e-01,6.610169491525423879e-01,6.825396825396825573e-01,8.333333333333333703e-01,7.479674796747967092e-01,7.796610169491525744e-01,7.580645161290322509e-01,5.619834710743801809e-01,7.642276422764228139e-01,6.774193548387096309e-01,6.666666666666666297e-01,7.301587301587301182e-01,7.166666666666666741e-01,7.166666666666666741e-01,7.666666666666667185e-01,8.135593220338983578e-01,6.610169491525423879e-01,7.768595041322313710e-01,5.932203389830508211e-01,8.333333333333333703e-01,7.213114754098360892e-01,7.603305785123967153e-01,7.154471544715447218e-01,7.479674796747967092e-01,8.000000000000000444e-01,6.776859504132231038e-01,6.500000000000000222e-01,6.984126984126983739e-01,6.610169491525423879e-01,7.933884297520661377e-01,6.942148760330578705e-01,6.440677966101694407e-01,8.666666666666666963e-01,7.118644067796610075e-01,6.500000000000000222e-01,6.779661016949152241e-01,7.796610169491525744e-01,6.611570247933884481e-01,6.779661016949152241e-01,7.479674796747967092e-01,6.942148760330578705e-01,6.290322580645161255e-01,7.272727272727272929e-01,6.290322580645161255e-01,5.619834710743801809e-01,6.610169491525423879e-01,6.782608695652173614e-01,5.833333333333333703e-01,6.779661016949152241e-01,6.779661016949152241e-01,6.440677966101694407e-01,6.611570247933884481e-01,6.774193548387096309e-01,6.718750000000000000e-01,7.666666666666667185e-01,5.762711864406779849e-01,6.779661016949152241e-01,5.932203389830508211e-01,7.419354838709677491e-01,6.942148760330578705e-01,6.610169491525423879e-01,6.825396825396825573e-01,6.774193548387096309e-01,7.796610169491525744e-01,9.000000000000000222e-01,6.774193548387096309e-01,5.932203389830508211e-01,6.446280991735536814e-01,7.603305785123967153e-01,6.942148760330578705e-01,5.619834710743801809e-01,5.932203389830508211e-01,6.942148760330578705e-01,5.932203389830508211e-01,5.762711864406779849e-01,6.825396825396825573e-01,6.333333333333333037e-01,5.762711864406779849e-01,6.774193548387096309e-01,6.611570247933884481e-01,5.762711864406779849e-01,7.288135593220338437e-01,5.932203389830508211e-01,5.619834710743801809e-01,6.440677966101694407e-01,5.619834710743801809e-01,5.932203389830508211e-01,7.187500000000000000e-01,5.932203389830508211e-01,6.500000000000000222e-01,5.528455284552845628e-01,6.666666666666666297e-01
7.460317460317460458e-01,7.804878048780488076e-01,7.520000000000000018e-01,7.804878048780488076e-01,7.642276422764228139e-01,7.966101694915254106e-01,7.966101694915254106e-01,1.000000000000000000e+00,7.580645161290322509e-01,7.377049180327869271e-01,6.942148760330578705e-01,7.840000000000000302e-01,7.438016528925619486e-01,7.642276422764228139e-01,7.096774193548387455e-01,7.966101694915254106e-01,7.213114754098360892e-01,7.457627118644067910e-01,7.966101694915254106e-01,7.580645161290322509e-01,7.258064516129032473e-01,7.966101694915254106e-01,7.680000000000000160e-01,7.457627118644067910e-01,8.099173553719007934e-01,7.642276422764228139e-01,7.603305785123967153e-01,6.890756302521008347e-01,7.768595041322313710e-01,7.213114754098360892e-01,7.966101694915254106e-01,6.779661016949152241e-01,7.586206896551723755e-01,8.305084745762711940e-01,7.457627118644067910e-01,7.394957983193277684e-01,6.500000000000000222e-01,7.096774193548387455e-01,7.118644067796610075e-01,7.213114754098360892e-01,6.034482758620689502e-01,6.885245901639344135e-01,7.118644067796610075e-01,7.377049180327869271e-01,7.967479674796748013e-01,7.118644067796610075e-01,8.965517241379310498e-01,7.966101694915254106e-01,7.049180327868852514e-01,6.942148760330578705e-01,6.942148760330578705e-01,7.118644067796610075e-01,7.213114754098360892e-01,7.931034482758620996e-01,6.724137931034482873e-01,6.774193548387096309e-01,8.305084745762711940e-01,7.272727272727272929e-01,7.586206896551723755e-01,7.377049180327869271e-01,5.714285714285713969e-01,7.272727272727272929e-01,6.885245901639344135e-01,6.935483870967742437e-01,7.258064516129032473e-01,7.118644067796610075e-01,7.457627118644067910e-01,7.118644067796610075e-01,7.586206896551723755e-01,6.724137931034482873e-01,7.563025210084033390e-01,6.034482758620689502e-01,8.305084745762711940e-01,7.166666666666666741e-01,7.731092436974790205e-01,7.272727272727272929e-01,7.272727272727272929e-01,7.966101694915254106e-01,6.890756302521008347e-01,6.610169491525423879e-01,7.258064516129032473e-01,6.724137931034482873e-01,7.563025210084033390e-01,7.394957983193277684e-01,6.551724137931034253e-01,7.966101694915254106e-01,7.241379310344827624e-01,6.610169491525423879e-01,6.896551724137931494e-01,7.586206896551723755e-01,6.722689075630252642e-01,6.896551724137931494e-01,7.272727272727272929e-01,7.394957983193277684e-01,6.393442622950820109e-01,7.394957983193277684e-01,6.393442622950820109e-01,5.714285714285713969e-01,6.724137931034482873e-01,6.902654867256636795e-01,5.932203389830508211e-01,6.896551724137931494e-01,6.896551724137931494e-01,6.551724137931034253e-01,6.722689075630252642e-01,6.885245901639344135e-01,6.666666666666666297e-01,7.627118644067796271e-01,5.862068965517240882e-01,6.896551724137931494e-01,5.862068965517240882e-01,7.213114754098360892e-01,7.226890756302520868e-01,6.724137931034482873e-01,7.096774193548387455e-01,6.885245901639344135e-01,7.586206896551723755e-01,7.966101694915254106e-01,6.885245901639344135e-01,6.034482758620689502e-01,6.554621848739495826e-01,7.394957983193277684e-01,7.058823529411765163e-01,5.714285714285713969e-01,5.862068965517240882e-01,7.058823529411765163e-01,6.034482758620689502e-01,5.862068965517240882e-01,6.774193548387096309e-01,6.440677966101694407e-01,5.862068965517240882e-01,7.213114754098360892e-01,6.890756302521008347e-01,5.862068965517240882e-01,7.413793103448276245e-01,6.034482758620689502e-01,5.714285714285713969e-01,6.551724137931034253e-01,5.714285714285713969e-01,6.034482758620689502e-01,7.301587301587301182e-01,6.034482758620689502e-01,6.779661016949152241e-01,5.619834710743801809e-01,6.614173228346457156e-01
7.761194029850746468e-01,7.633587786259542485e-01,8.120300751879698797e-01,7.175572519083969203e-01,7.786259541984732468e-01,8.571428571428570953e-01,7.936507936507936067e-01,7.580645161290322509e-01,1.000000000000000000e+00,7.076923076923077316e-01,6.666666666666666297e-01,7.819548872180450694e-01,7.131782945736434565e-01,7.786259541984732468e-01,7.424242424242424310e-01,7.936507936507936067e-01,7.384615384615385025e-01,6.825396825396825573e-01,8.571428571428570953e-01,1.000000000000000000e+00,7.272727272727272929e-01,8.571428571428570953e-01,7.518796992481202590e-01,6.984126984126983739e-01,7.906976744186046124e-01,7.938931297709923562e-01,7.286821705426356210e-01,6.614173228346457156e-01,8.372093023255814392e-01,7.230769230769230616e-01,7.777777777777777901e-01,6.825396825396825573e-01,7.258064516129032473e-01,7.936507936507936067e-01,6.984126984126983739e-01,7.244094488188976833e-01,6.718750000000000000e-01,7.424242424242424310e-01,6.984126984126983739e-01,7.230769230769230616e-01,5.967741935483871218e-01,6.615384615384615197e-01,7.142857142857143016e-01,7.230769230769230616e-01,7.786259541984732468e-01,7.301587301587301182e-01,7.258064516129032473e-01,8.571428571428570953e-01,6.769230769230769607e-01,6.666666666666666297e-01,6.666666666666666297e-01,7.301587301587301182e-01,8.153846153846153744e-01,7.419354838709677491e-01,6.612903225806451291e-01,6.818181818181817677e-01,8.412698412698412787e-01,7.286821705426356210e-01,7.419354838709677491e-01,7.384615384615385025e-01,5.826771653543306728e-01,6.976744186046511809e-01,6.615384615384615197e-01,6.515151515151514916e-01,7.575757575757575690e-01,7.142857142857143016e-01,7.142857142857143016e-01,6.984126984126983739e-01,7.419354838709677491e-01,6.612903225806451291e-01,7.401574803149606474e-01,6.129032258064516236e-01,8.571428571428570953e-01,7.343750000000000000e-01,7.401574803149606474e-01,7.286821705426356210e-01,7.286821705426356210e-01,8.253968253968253510e-01,6.771653543307086798e-01,6.507936507936508130e-01,6.818181818181817677e-01,6.612903225806451291e-01,7.401574803149606474e-01,6.771653543307086798e-01,6.451612903225806273e-01,7.619047619047618625e-01,6.774193548387096309e-01,6.825396825396825573e-01,6.451612903225806273e-01,7.419354838709677491e-01,6.456692913385826404e-01,6.451612903225806273e-01,7.286821705426356210e-01,6.614173228346457156e-01,6.307692307692307487e-01,6.929133858267716439e-01,6.307692307692307487e-01,5.669291338582677087e-01,6.451612903225806273e-01,6.446280991735536814e-01,6.031746031746031411e-01,6.451612903225806273e-01,6.612903225806451291e-01,6.451612903225806273e-01,6.771653543307086798e-01,6.615384615384615197e-01,7.014925373134328623e-01,7.936507936507936067e-01,5.967741935483871218e-01,6.612903225806451291e-01,5.806451612903226200e-01,7.230769230769230616e-01,6.771653543307086798e-01,6.612903225806451291e-01,6.666666666666666297e-01,6.615384615384615197e-01,7.741935483870967527e-01,7.936507936507936067e-01,6.615384615384615197e-01,5.967741935483871218e-01,6.456692913385826404e-01,7.401574803149606474e-01,6.614173228346457156e-01,5.826771653543306728e-01,5.806451612903226200e-01,6.771653543307086798e-01,5.967741935483871218e-01,5.967741935483871218e-01,7.878787878787878451e-01,6.507936507936508130e-01,5.806451612903226200e-01,6.615384615384615197e-01,6.456692913385826404e-01,5.806451612903226200e-01,6.935483870967742437e-01,5.967741935483871218e-01,5.826771653543306728e-01,6.451612903225806273e-01,6.299212598425196763e-01,6.451612903225806273e-01,7.313432835820895539e-01,6.451612903225806273e-01,6.349206349206348854e-01,5.891472868217054737e-01,6.666666666666666297e-01
6.818181818181817677e-01,7.131782945736434565e-01,7.022900763358778109e-01,7.131782945736434565e-01,7.131782945736434565e-01,7.419354838709677491e-01,7.258064516129032473e-01,7.377049180327869271e-01,7.076923076923077316e-01,1.000000000000000000e+00,6.929133858267716439e-01,7.022900763358778109e-01,7.716535433070865757e-01,7.131782945736434565e-01,7.692307692307692735e-01,7.258064516129032473e-01,7.656250000000000000e-01,7.096774193548387455e-01,7.419354838709677491e-01,7.076923076923077316e-01,8.000000000000000444e-01,7.419354838709677491e-01,6.870229007633588125e-01,7.096774193548387455e-01,7.716535433070865757e-01,6.976744186046511809e-01,7.716535433070865757e-01,8.000000000000000444e-01,7.401574803149606474e-01,7.812500000000000000e-01,7.419354838709677491e-01,7.096774193548387455e-01,8.032786885245901676e-01,7.258064516129032473e-01,7.096774193548387455e-01,7.840000000000000302e-01,6.349206349206348854e-01,7.692307692307692735e-01,7.096774193548387455e-01,7.812500000000000000e-01,5.737704918032786594e-01,8.593750000000000000e-01,7.258064516129032473e-01,7.968750000000000000e-01,7.131782945736434565e-01,7.258064516129032473e-01,7.213114754098360892e-01,7.419354838709677491e-01,8.281250000000000000e-01,6.929133858267716439e-01,7.716535433070865757e-01,7.258064516129032473e-01,7.656250000000000000e-01,8.032786885245901676e-01,6.721311475409835756e-01,6.923076923076922906e-01,7.419354838709677491e-01,7.874015748031496509e-01,8.032786885245901676e-01,8.437500000000000000e-01,5.919999999999999707e-01,7.086614173228346081e-01,8.437500000000000000e-01,8.307692307692308153e-01,7.230769230769230616e-01,7.258064516129032473e-01,7.258064516129032473e-01,7.096774193548387455e-01,8.032786885245901676e-01,6.721311475409835756e-01,8.639999999999999902e-01,5.737704918032786594e-01,7.419354838709677491e-01,6.825396825396825573e-01,7.520000000000000018e-01,7.086614173228346081e-01,7.874015748031496509e-01,7.419354838709677491e-01,7.039999999999999591e-01,6.451612903225806273e-01,8.307692307692308153e-01,6.721311475409835756e-01,8.159999999999999476e-01,7.359999999999999876e-01,6.065573770491803351e-01,7.258064516129032473e-01,7.868852459016393297e-01,6.451612903225806273e-01,6.721311475409835756e-01,8.032786885245901676e-01,8.000000000000000444e-01,7.377049180327869271e-01,7.874015748031496509e-01,6.720000000000000417e-01,7.031250000000000000e-01,8.639999999999999902e-01,7.031250000000000000e-01,5.440000000000000391e-01,7.540983606557376540e-01,7.058823529411765163e-01,5.806451612903226200e-01,7.377049180327869271e-01,6.721311475409835756e-01,6.229508196721311730e-01,7.039999999999999591e-01,8.593750000000000000e-01,6.818181818181817677e-01,7.258064516129032473e-01,5.737704918032786594e-01,6.721311475409835756e-01,5.573770491803278215e-01,8.437500000000000000e-01,8.159999999999999476e-01,6.393442622950820109e-01,7.384615384615385025e-01,8.593750000000000000e-01,8.196721311475410054e-01,7.258064516129032473e-01,8.281250000000000000e-01,5.737704918032786594e-01,6.879999999999999449e-01,8.960000000000000187e-01,7.680000000000000160e-01,5.919999999999999707e-01,5.573770491803278215e-01,8.800000000000000044e-01,5.737704918032786594e-01,5.737704918032786594e-01,6.923076923076922906e-01,6.290322580645161255e-01,5.573770491803278215e-01,7.187500000000000000e-01,8.000000000000000444e-01,5.573770491803278215e-01,7.540983606557376540e-01,5.737704918032786594e-01,5.919999999999999707e-01,6.229508196721311730e-01,5.919999999999999707e-01,5.737704918032786594e-01,6.666666666666666297e-01,5.737704918032786594e-01,6.451612903225806273e-01,5.826771653543306728e-01,6.917293233082706383e-01
6.412213740458014843e-01,6.562500000000000000e-01,6.615384615384615197e-01,6.718750000000000000e-01,6.562500000000000000e-01,6.991869918699187281e-01,6.829268292682927344e-01,6.942148760330578705e-01,6.666666666666666297e-01,6.929133858267716439e-01,1.000000000000000000e+00,6.615384615384615197e-01,6.666666666666666297e-01,6.875000000000000000e-01,6.666666666666666297e-01,6.829268292682927344e-01,6.614173228346457156e-01,6.991869918699187281e-01,6.991869918699187281e-01,6.666666666666666297e-01,6.821705426356589053e-01,7.317073170731707155e-01,6.461538461538461897e-01,6.504065040650406360e-01,6.825396825396825573e-01,6.562500000000000000e-01,6.507936507936508130e-01,6.612903225806451291e-01,6.984126984126983739e-01,6.771653543307086798e-01,6.991869918699187281e-01,7.154471544715447218e-01,7.603305785123967153e-01,6.829268292682927344e-01,6.829268292682927344e-01,6.774193548387096309e-01,6.560000000000000275e-01,6.666666666666666297e-01,6.504065040650406360e-01,6.771653543307086798e-01,5.619834710743801809e-01,6.771653543307086798e-01,7.154471544715447218e-01,6.771653543307086798e-01,6.875000000000000000e-01,6.991869918699187281e-01,7.272727272727272929e-01,6.991869918699187281e-01,7.559055118110236116e-01,9.047619047619047672e-01,7.460317460317460458e-01,6.666666666666666297e-01,6.614173228346457156e-01,6.942148760330578705e-01,6.446280991735536814e-01,6.356589147286821895e-01,6.991869918699187281e-01,6.825396825396825573e-01,6.942148760330578705e-01,6.929133858267716439e-01,5.483870967741935054e-01,6.349206349206348854e-01,6.771653543307086798e-01,6.511627906976744651e-01,7.596899224806201723e-01,6.666666666666666297e-01,6.666666666666666297e-01,6.829268292682927344e-01,6.942148760330578705e-01,6.446280991735536814e-01,6.935483870967742437e-01,5.950413223140496033e-01,6.991869918699187281e-01,6.720000000000000417e-01,6.935483870967742437e-01,6.349206349206348854e-01,6.984126984126983739e-01,7.642276422764228139e-01,6.451612903225806273e-01,6.666666666666666297e-01,6.511627906976744651e-01,6.446280991735536814e-01,6.935483870967742437e-01,7.580645161290322509e-01,6.280991735537190257e-01,7.479674796747967092e-01,7.603305785123967153e-01,6.666666666666666297e-01,6.942148760330578705e-01,7.438016528925619486e-01,6.612903225806451291e-01,7.107438016528925262e-01,6.825396825396825573e-01,6.774193548387096309e-01,6.299212598425196763e-01,7.580645161290322509e-01,6.299212598425196763e-01,5.322580645161290036e-01,6.942148760330578705e-01,7.118644067796610075e-01,6.016260162601626549e-01,7.272727272727272929e-01,6.776859504132231038e-01,6.115702479338842590e-01,6.451612903225806273e-01,6.771653543307086798e-01,6.259541984732824860e-01,7.642276422764228139e-01,5.619834710743801809e-01,6.776859504132231038e-01,5.454545454545454142e-01,7.086614173228346081e-01,6.612903225806451291e-01,6.611570247933884481e-01,6.356589147286821895e-01,6.771653543307086798e-01,7.107438016528925262e-01,7.154471544715447218e-01,7.716535433070865757e-01,5.950413223140496033e-01,6.290322580645161255e-01,6.935483870967742437e-01,6.774193548387096309e-01,5.483870967741935054e-01,5.454545454545454142e-01,7.580645161290322509e-01,5.619834710743801809e-01,5.619834710743801809e-01,6.356589147286821895e-01,6.666666666666666297e-01,5.454545454545454142e-01,7.559055118110236116e-01,6.935483870967742437e-01,5.454545454545454142e-01,6.776859504132231038e-01,5.950413223140496033e-01,5.483870967741935054e-01,6.115702479338842590e-01,5.483870967741935054e-01,5.950413223140496033e-01,6.259541984732824860e-01,5.950413223140496033e-01,7.154471544715447218e-01,5.396825396825396526e-01,6.515151515151514916e-01
